$ANSIBLE_VAULT;1.1;AES256
30333063626331383737316462633630396336653365616332336331636665303737613132613461
6530643631306336356632633832306532623438616332330a363865333535303337366235353838
64643263333437303438616339616663623236383236633262663037396465383062316132313737
3765663638646234660a383538643432396539613337623033303833333831333562633236666130
36626262313863656565346165653538313332303633643765386134353331353661316639613562
61316162326236313263373239646336383933663134396139316230333930393736376332373136
31313336666163623565396233653064326135333063626363633432333438613634386666666162
62626361633964393638613935333639336262613861363036373830643761653061303939396566
64646239396364333439323438363466616338656566643239313763363431663163323634336564
37633563393765656365343765396364303365396334393637623938346266323562333638636165
64393334663439346134643336363433656463363536346538326661653761616239623233343531
34636135333733393230326331393038613433346439316235633231373736646439303730333066
62313736333363663134366433343063353433383739346338303161643930373432643435343830
36323264356532333237623361393039623139313833363932353438656535653838323738366135
36343838646366626539316663613463353233333439303761336166633439303665326536386231
65346532383835633833306536666234633164626165646661383938363139633139623265383231
64343338386561376632326334373638333966386165663833373163303131613737316131306136
32346161343538396135613137663437396663333631353961323565643734656337303766373736
35636664306565643037393835323265303430663938393139646466383363373832623737343962
33653130346339396439616237633332653761396634303531313434623934633134396431626561
30336431303234633563343634313830643530653135633962643932656434396239666561306231
63623064323930643534363532323735633235373161623263626630356165646338336630643032
61313265353065636564653039626235626437373337306534666132363866366466646231393361
61366635343434333964646363643839343130316462346233376636613762343362363131333538
61636332613333323966656363373463363365333162343136616662303965613633343637663963
64623435303161636238343664383963333535326364376130353638656437393936393231396433
35333633343564303563396531643366623139363562666230383062363130313839616362336232
39613430346630623262616532646366323636316334663038653230376539666566303063656163
63613037643635633665646239323739386266663931303765343236356537616237633839393934
33653639383635303635623636313933376439306530306635616633306137366365353833636235
39313963623563323832376133303231346531343966613333373036343931373339633039663262
64386663646364396138373964303230656232336535333466613262313836343730626435383237
63323735663136633038303339626462376436313262633462363934386161613263306565376339
31613437636639653662643066646562316232656438613834306434393665353966363466323632
33623431616165626135336539653636353762633363623532373563356166323261363737353865
63383736636564666462383564373438333930393937303839396535383835623265353363653835
35323439613532356533663838663531623331323365303034353331613133643537646131613533
33653036623363326531323064363533303637643637653766663565393666323361623764333036
32626262303032393338626432343165366363636264386332306166643666333761363165343933
38366630306230326338353834363735393330613366626336323362336130323965316132303731
37313433366339386639353938663833646334353436656638303763636236653365646565383264
63613065333430366266656331663736373136336166373837643365313333316637353737373730
65316231343163613830303636353636346434393663363462393135623838633235633836353263
37396665646164323965386434643534323034393862393262643636373866663636386634383032
35323530653261613337646165613631646165306566636366363433376436323839386261353436
65393637393434323432373039383934333132366465396465326530336638363665306266333130
34343330363333623831303434326564393437393432376433646531376638336565623831326235
37333463623761363464663038623063366635303033396630326138303961306238613134626130
36623030656339383634303738343233353064383266353364323436346532386238386535366434
34616134356261376461336363393065396632643865326630633339646362623531616262383963
36316563386239386136363562346635313434303938353030386161663439663334303364626335
32663131343365666131313566653038663861343063666332363338363733613335366139303863
39303737626433666135653665393861393066353164666230643432383535626530373930353334
33616663666365313932396233303066636532393639333138306662393434313565333031363131
63306463623733303232613432646562366166313639363961396534313231373565333938386563
38383933323162613135346265393430633530653935393063313263383837343034356534383236
61376364313261313632366336353466623536376533373435303730643634343835343233393364
36353962653462666237613233643131623435373365636530643731383839386566353134663435
64393563353061633234616631393530376436363864653365666637386131646666353865336161
34346632303237373561396131623338643961363263373261316334633235393766393130313737
62653265636432366166393964343730616631396663633936356431383565663037343164303165
39666539666437333364366463373231376565663363373263653635363562393036366265303166
65653931386662373735313161353361333536323931396335666464306166366132376233366665
63356437626235656564643434626661613763333137306363623432663937383261616139333063
36336265623231613562386539633563663064656434643761663535616561623764663962613332
64363265383361643166393332663464383163663662376632383965393736343166346236643031
30626565626438303764393333313163653331643430663732343138636434336565336132363964
34346537373537306133363364316433613464636535623830353236646133636432656532393530
62353162316565646336376532346433306536636636643163626363396535616231373033326465
66643638363264393762323766343939363463356233356339613234643834643466656630353731
35616134316239373665363166346264646364393831613936613835313134306338623163626238
66353137363262386338666262653433646533653761323361653033663530636636333835636664
61323931643435636237623966623434366133303036366633336664343534366633373935636532
63316464383362663132636531396561366230636137326633373335623636653030373937346532
34653766663364393561643130336638626462326535633431666431346235646563303262383532
34313633623432356636313833643831373061333139616130643930363734313839613865386236
32653033626666393461626331626132373336306463626431383534353839333539653034653335
65633339356432343339386130623336343330393031333263366263663833636335333831316462
30353636303230386136383364623831303666353765663230363631313261373530663337333739
37396133383530633066626639303662303131366532366530633861343761383431653934643435
63656432656236303931633631343963653139346135336432613737343464646365396233393434
62623338376265353034303134626264373661373738393335663033626535373265656531323665
36643536643835363663326135666530363239653661666638363166353936363139373833646561
65353362326366363162656339643763653664346535643364326238346433653534633262313261
66643531353365653237373233626134626266336262613931666465343534383063366634633133
64646136393938393666336237383335613532366431623330616432663966616136373962643437
35346539333366343666363663303761643039666332323663373734613864326136663966353939
34613565373038636164323433656163653064623864386136313730343939353638623639323339
64333662633034653230636635336364353732666231383634663763643165306236396432376163
62626463356637366430366165373836333934346331313239636532323835346662383430653532
62366230623466353833663166396238653633393363346636346663383937383138633864333536
35323836346234663433303034646265396134343535343238303261643065316462323431626461
61393061346632636135636137623838353965353036613535316638623135346239656532623931
66313730633665316339353363393030666133323530303038656163623031653433613235653961
61303435346466616639383631336131383439343231373165383736346238653633633664363861
36393438326636623564646634653865383036663265353533383333333133323536313165313231
32373539616333306564633035303465636563326337376134623437393565366232373865623662
39316331373038613431336633646232373665623032333532343634326434663463316434623733
65303866373236323437343334343135393766636330313439666437386466613932343333306565
37346565393664636365346564633734383439383333623066616134336530303138383436383830
64366166643332326566373031613261316337306437316238643231353730343937373032393238
32653665653865306135616464623964633936653434333037353630326361393836363363353538
34383835386337363332386462613531613539616139396565356163663134386533626237333661
63353136373663373631653030646135376139383938396236323464333539343231663130623632
64306562353133343939376436616261393333323936313137313738303035663463326533663362
64346665333537316130393838303262623461643962613638643365303438633335383838303061
36396537323566346661346634336536303237636432373838356136323163313830653066316636
63616538656439613263386563396265313266326565643066646362393134306634656233393635
31393334366434656436306162656230633335626533383565363634373035636534366630643239
62383234303239636266346433646237366632643632343237343461376563646432356438323739
63396530376434613630363639333734393435366565626262653936616362633934613734623264
31653639306338393166643635623436353435393433366338396339636563383836323062623966
61363134323637393632666264346232633036643934343165346463366134386635663837326366
30383638646464313639366664363830383931343030303733353061336139633063643433323734
38306337633332323337663161633166663464316638346364613634653263343234316565343839
61613366663236383938316236373730373466343437656334613865393630323030326239626234
64326461376232626531346261666531333537666461626236326533663832623035353335376630
64656264363538333235366266313761666265386531323334313633383737336232336332313831
36653662376161626332313734316130363539333962336266636562303332396330616537666636
33346530373463366230653534343135333238346537356262646462373930663030346662356630
65623230333431613033326532343662653534633765626364383364346634666161343632336366
32663462663564653239656636373065376632346231633733303061626637346634343134616636
39636635646363353766613138396266363361323037363966383563336630363430323464363839
34656163386561343937663030633633623961343662323965323766616335343064393865356537
66313235343637333437616231383330623536623139326639653938306465333636363863636361
39616361316635396363353466623165393539313137393230633861633831323230396561303337
61363139666632353231396165626233646461313365343063666533376665316462326437373032
34653638653461656464616130383037633564393165363031373234393835663638383032356365
39326635313462633337643339366532343639396663643234336264323830383232333261323138
61373031326339636563646437386234306134646230336338666261316264613564353136353164
36326166363934306364633830323232663239343161626364333936326264373037303039303363
39616462386266323638363132653633363261303664616537313730366336373035323565383035
39376537393630633863306435326237613431313435666162376230653035353832333961663332
34373735633234633837636337643461333937333634316236363762383161613063346434386561
30616163323862626131396439316534636535396231373463633938633433343338343764346462
38326131353636656463366162666665646663303035376133666263303264393062313832356232
65303634353763343164313831373839326336383863313230346561313665303730653436356430
36313963373138343537366431653037323238333963373739326538663266363761616362363734
64333661636463396537396633626232343935313037623561366162626531656333303332653961
61326431313066303466663864313538653933626239353364373661316338626532373863626261
34626533333265326266343134653537376631313764353536663737626265333138623961326263
30623135363331353864623163373736333332656536653665356337353431333835643665313861
62323238363234343732316665636264653137383134383735373464366133373461396661313061
61366665366266343434393631303337646466666236643862666462653137633534646466623036
34353930323431653637353536373130313633336663373065306231383566633538303566363132
64313364333637623639623965333131313161313031613566346134653430653636373163613238
61396638663337613662333238646337383031313634303132376462663033393635636539316661
36383138366236316164373336656161346366323234663366366166383564356233353935623665
63383333333033613837353465313761653931363433343234316336643836353035353535643237
30366266656538383763313766383732356530643236323664306163353465643932663361346463
39626237373566333636363939623635666439323736313736393636363333396435653838663931
35633334653536363862353332333236623433626236323537386435343866373666626264643430
32663532326233313564333638393738383830653335633639663363333061643963326563663339
65663039643938643939353266343962383263356261383239663066366166363563343763633733
65323136376662343934633135336636323362356161396232363164313161653234376362316134
63336539373764386261343730656564633732653139393637326332303738663932326637626137
32656634323462643933303964643630653761363034656630353430396239353662373537363061
61383130383263386338383139643732653664376665333533353832653465383838613433626434
37666666363063393938323064363765313664363530623730396362643839653735386165306439
35353734396631386461333263663032643735623161363432336161336233336234303436333932
66653335386165313066316264313936663232636230663938373136306536636462333765343937
63316639646562356562666465643233376263346634346136633864346432373166323836613161
35643637363135343133316435396562643930376531623537386361633034396661383531363839
34393861656664663061306265303366623365643037646230663166383262383561333337353734
63626233306435353362643932303635336437373163313431323837323564643462636364656263
31303238393638336465623631663732613165306534363838326132386366653235303131393863
63343538633535643335316363316437303431373933653537643730646463336335336138373638
63623631343734363733333939636637336136323533383231363137616431396536343537646462
66663732333339663733376630653765613164363531383462353539646631306564366331356530
36393932396332383232653837643566356162636630383936323737623938393234623138396334
64333365323966656634656336313039623235306537343762386465343239373836336531343335
33653566393065333934393034613866383634396233653738353637383733333930393032373362
31636335663938636464373536643634393435393634303566313564353034663565306266646162
30666238366261323431646138393064306664343232616138656163316634346633343762636532
35613232626130396138373730373538633633303938326238653430663837396564636432656666
36356537323337643530346438303561333834303731396235666464303431666465333561393138
39653837306638306231366662326135313962626365613637303133333063333030656531386234
31376663666239383462326230613639313436643934366633313261656264346163353735343737
65306539333163393433343032643038653231383434373361346339336539626535616631323331
30656331383533383930626566643135633862363639336538366435663731393237386566633261
61626265623732623266626134653463306663306536653064383763643439623864363730316566
38666336316230643632656339326333316362663033323731363730303032363633366364386566
61623561366462303832616566373532303262303130636438356264356331396232333966303562
65306362643732396366366664366264316133613564363233643662636237303364623562646663
33323164363331323439343137343266633933633838313531646136653433623430383866313437
62643035363434663138333064343732306634323833353732623665393037303562313663383939
63653565343064646330623031333366366639326462306537326565343162343163326132363038
64666466316666353036663862326166363661633232343231666231613665373666323839373961
34633438646230663261306166396632653561373534643965326163316332653634363535343735
33626165643039663432393137336338313662323161363135346533653965623163376633356564
65373430353637653033663766396333333533346662656662613864343961353830333763646463
35306532313361643830353934373030613434633464393538356364666437666663343866346532
35313738363361616363303533376432326562666537633738633231353835356163316430666639
33383264386438653961366230643131353865343236316366633430383931666465306664373833
36363836623332623936363662623130343430383630323633623132383935633332636463663835
34316334623634333633373334623763636162633332646137346631373231333733646661646264
65356634386366303631343536313662366361666565396261353562653830363466626236333238
34373538326633653834353833383962653436336338643065393966616662613039366430666564
34633765313665313366636539326132323232386665626265663438613335373438663964363838
32353338626235373735656630396563663333373931636437613237383037653064396431633937
65633231643937646437343665333834636566376436663265396334636565613436376561326232
31366262323632353536306437323839333333343164626264643464353665616431363466313930
39666164376636356338356131666630323936393437363931643464653463363830356233313264
39393461623936343136643166363339373764326436616333393465336465313239363731663764
31303333623032346663316361306565643565383762656630646664386537316438346365313935
37663935396235383131366539306234636235373663393739633166323363323139306135343763
65326531353963633835333434383261616163316234313233333465393834393164326231396633
61383838633465316439343033333366396635616262373962353235613534663938366561313838
30343964646461333636303063633338313561336236376666353965353632623738323534396665
30343435313765323531333363663734663733316639323637356162656634633433303233353836
34383132323934626364383462303931656638336534613033346336383039346534343462306137
30636136613033393962343834633766643035396230633234326133623463383331646663613633
66376130343136613462646437363036633236376232353838396361363061633665383439373163
33616165646537373363663739643533666439383032623064316138626434613736653265643134
63636435336539343834666130373362303435356131323133613832323735326239363734396163
35666238323162373730343837343233326665373734393061333163623564636366656239393564
63393039636432613464326462656638393961343031393738646130343761613836643962393466
37303537323262623462626362373935653230323432376137653638356131363964663364333337
37303838393164313462613832633465343366313035396630663534356336643662623432623661
39663662646666613461366130303739626663633263653831663161393530336336386235336233
39623134386466623165636266353863663964333830643038636564663035616533653138343037
38653931613938346133643733353931636531396366313033376532613864616638313863343439
63653634313363653334653166303136353739666164646338336134383935386662623361616537
62353963366464626164376439366261306638343764386664313966393562353532396464383634
38356238303766663934613839666439323264616337356139356335663736353133633562383935
35336439393962366538656239343863356132323630356264623561313230313431643035306665
66333638636235373934333331363738323265343266663933336664346164326139633231363638
32643866653532373139656137303665653465376664383062353831343633623731613234666239
32626637663035616263303333643361323766373337663036613965653566323337346562306536
37366666323164636439303834663565646163663538653263326636633935643834656134343666
63373064336134383465313661306433303265663765653234316462373439646335396535343531
36303235633439303162393636356432353536633038383436343166343536646565653135636262
61613034613334336638656163326233643538366636383165333030393435336635366435396564
34623166666633373662373432626162343130376565353264353431336634383265663133333235
65343538393635353235643662363864343036363538373766636533656537643966353164396361
39373532363361373036643535386139303836333739636266333662393066393466383431363134
62396264633162333430343964306337306234653632363066393764643637386230633331323930
34626634336139366366663531626337633230303730356132666632313264626432373832386634
66323839376431396639633530373039653263396131303931306538336531393862643835633662
66636534346539306262613037646234333861376235306165643462316434653062616366663261
62396337636533616439346437316261643565373761646330313236383237333239613935373361
34333239333264323431373763343738663538333465313337636563313637333161303437616261
32323664383235336165613933653834623363306465333335333164636563353532653936353638
33333033633764356331633231373363383964356336303864343337363734393033366531393238
36316434316433353561363331383133363266653630623864343238383139633665366435626433
31383734333136663538633938623361343139363139386433366165323961623538393739313236
35353365383939386633653634393932613535643431626464393238636365643336323534393935
37393537666466326435333961343836346635333232613436623132313638343539646463373561
34376135396135366539643165333630613962333836333862396633396539666165343465626534
33623936313139323938623734366662323737613037663137316532396436346361626530383435
31623366383866303836313730383736373665386235326234336434356264633365383565383234
63613537393363356163313530626139396331613232346361313634646139666338396665323433
64666132343836353635363363656539643331643435336536336266646639313264363138383765
30623166356131393630393031646664386665623433393166363939373265306162616263623838
62626330383765626338663232386364306337633463636135336530613939346136333631383035
61316162363763616136613333623231303136353537323564326662333331393062376136306565
36653663653033353461613433303061613536643234666639303465663263613639303834366131
65346566623962353031303535626662353730653163363763306338353161316165346636636562
33373561316366383736373064323332633936666336316431316630336562663261643737313539
36366164316235623438366436303339376538626636363234643266336137633638376636326535
35373636646461333530643238633236323362656133653737613032366539326363656538313765
35663339303333356637373965306232316564633465323231316364336264373631323561386538
33313136343162306536363962663134396161303334336332656130316138343361383663373166
39333565383863353063373831633966633863386239363665373166353065663333326366393965
33396266653566396663396361393134336131636465313363396339653130616535303333303836
33626638333236343837313639303364333736386262616262666465353830363532653162323137
63326132346630303562373862613030323361343462626335383730353131396164326631623761
62623562356666356333393062653166633864626131303034653831336362656563306133613163
30633862336334656636393834656630306164326365356633323833306661333438353730623964
65313461356434626362646331613437663666373138346266386661386438383235353732653239
34386136333066623866363761646461646463303136353361336639383166613137626165356162
64656562626638303134666436326439666461323065646564346663306436383834353461333933
62333866303536393063326133326636306538643833643537623638356664326461653335396261
32376630643334616164323332333039313033353563613137336235306135666334666439353134
64633632383935363061386563333530626662366561333961396432656631383633353364623562
61653332633139336266343735353234656538376165356434363530316230313366376235643566
64666565666236306662663162356335663532396365366533643330346463653238343261336335
65643263623833313561356538323930383437366564323763656461633732316362346137353237
64656136356435663537383465393361396237393063306235336163633764373366626237626166
38643666613063653734616665366530306431343531383839633430633638316136376566636533
36353061653537613663653766326535326561373637653164333633616163333766356463383136
31633134636537666433323838353565313236306362333539653033636563353631663466633736
64616333313239613161333334336434633263636235353266323639663662343261646239656532
66643262666633653435623834383665353339363134626566333365326230336662363235323732
64343530366530636266343365373932636266616431383364623366616537363031326635656432
33373733613761316666376233386534626263393539653361646336616533633566336339373739
64333830643437333066396430633138643461373138326530343664366539396665656638383933
63636234323636363032373765396536366366306135343636356532653766363266323931376539
37313435396434663734653362623738363235643532326261383065326638633064656138643038
34363431626366323062363033323965353363323065366632306464656535316236303537633232
34316663323961303338643264386665363963353933386564613965366539663962646634663731
62353638666465313265623332373635613039323163306237383565646264626434316363336536
65313536653863303334396264646338393662616331613238633062666465333436393337313531
37316238316435303737653162333432643130363863346633643261666339643838383134373065
64313336626130663037613664393165326337393232346639316366646261363433656363316563
66643537643264386566313461383739646164346439643038316334373838383064356332653263
62396530656239323437366562366331356337353865396663363333303833343666643264323564
30373662373165663165623130343464386566656137643430313234313166306133343632653335
63366264373033613762346234623163323139386130623736393564393366316331633037346563
37396532613631333265613535653638623365323061323966343563356432666566373530353932
38353231333861366330306333383434613638303664643864363365343438663134343635376566
30303864303236663865386463613063363166343263353564343831613865366131613838613433
31323833633238303965623131356364393831306337613737363361633231336639353363613639
33386630393964646330323531303764396136616531616134663039633534353834346163623463
65333139656264336332373636316134636630303664303030316466653139336266386535623861
66666263316161333137326136633433363763316134383732623932323932343333373932653935
65343839313635613563336263646361373936643839623236626637343263356166366230343665
62616261653537343262393238633264393133353561386336643566393061353964346437663630
37386465356638633238363063336634616465343938333330313531386263326162363239313430
65396265333863306466343762363865326436333538613630306165353363313438383538393366
34303064373339353333393363346463373334306331653138633931346162633232306336306135
65343337386232326532633232356431323631376436343537353764666137633530383130613565
35346337623339326566653031383734323434323137326435383431616631316232356439333665
32643533653465313033313665653866366236613139636636633437643163326139313036313264
31656134616338656364363763316434356630316666333331333234313664343530343438646339
65633162636265343539313965383362643835356161626666663536386234323539376331633038
66396364376538373336393133346264346135633037346230623230636532316139386630633433
64386332343864373566353335313739666664393734363366383937663432363137383164363133
37323265343762333130646539336430316463646435373266613031326630383561613363393965
35396137656539663966643332386162346366346132356263623062623262666239353231656235
34343335373531366131633431343762316232393230633464623734336661396562396536323239
66623231353134393831636339326433663435383334353232363261653462656330663662376138
37653765396466626465393936313536346430613562643063346238343137396139326630616265
30616265313861386561366635663161326337626132336334656366336163663032616435313234
38343437633637326364666464303532616136333563653366396662623266363435353132373462
31623831613935623164643431356338663936636562393232373966386139653564333331633435
39613766653731656433323835623266383662316562656638623838313966333136636335363339
39333335343365396635316232306263353235636662343564663338333633303465653363323736
62306436383231373935656334346264383436313835303363323830373461386363653838623265
31653035306662396634373865336661636530613566323166343138393739633663333466383537
61356133353738666166616430653865333138376363623066386330326265666233346461356137
37663637366233663833623437666232616435353461633666356463303433376233393938363166
33663335363130313265616138353265653036663239333237323336333438643462336336343963
34643830316264383336643262653636656163326139356537633436653866616663326532306335
31333438383863666366666361366563386633373766656532313663633239393636356133623963
38613963383131373166346636383832393934383433323765366665656266616463306466623162
36623634646664623265633832336330343237353832383963323033643039333033363237616233
62333266386164623161653131376562393435636135316532346134373532333165623530616639
64666130666536366530626362363633393137643237646137303738663931643632613332663531
35326539376134313037396130653738373862356164373039363338333435336138623561393365
30636263633761316134653733623033383263343938623530373739366161326539313333633836
32343964633763663238366361656462663364663030643930636431336536373230386432303331
61333933343430366136356465626433316638396338353233636336306164653163323363633636
62373564323130333637653666666431386666333764343430626330313861373633346233313436
65333263613831363232313366396230373864306336613134303635653832313735313738383236
63366130323861653631663161656231336539313163333865383037333461643039303936666238
31626465396564663831326131383437393064623938633230386536643661366336383139383033
35343432353733396532643936323739663366326433333063306666633462386535313963643264
66383833306562383737366162323337663835626162336463316165326566613631666566656666
65393465386465633736333764663531623161393361643165613966346532646431343863313035
62386137323137376666643839336462313664343738643662633239323266353839306236326166
32316462323861303938353838373831396439303664383864643761366165383734666165386539
35313235383763643536376336323433313138343831666235663464353130356264393234316163
33393561386532356263646233346636653739366437636161326132353962643062646430626638
33626231333234366232323637643865333236346339383239623735666431663133643761343930
38303965363032396532363538643330346534313438643132363533343662636661363130663138
37613730386436396262633262396363643465353431383835636539323337376465366363373438
36373934336633313965633534653038353136616134616165633235656138366138623539363039
36373238303362666666613735383663396263303432366563366333366635613034336366666637
61353937646237636566373338373166333233373631613830643333373264343765616562336564
65623666363565306665323332626339373038313463353933353033343138303330643131343437
63376239323734386333353465613061386564343062623737393662373764303230336235373033
66653534636261323031323939323632623039656664623332633636643537613565336462663762
34323733666630343835343939653634646135393761323738383631373835623931386137396135
32303039326334366131623664343163646366616163636163663938326335393632666264313764
34616562666237633036333864636332343730333965396637313236326538303936356135363739
66353336626336383731303134316466343134656163343434366231613438383061333039633734
31666232306135653232313236346134366639383131356664323365376466356161346263626630
66613161323239376230343238373164313033343061366132313631313434393333343933316265
39363461626661316131646538666330633636386133393461313339613465613332333030396161
37666636306432643862653666656665616435666633376233653430666132323036376164323062
66636231313232643131313463366639633737656161393735316430393963343237326362316336
31303164346130666636653830616262376130316565386635303966633662333235356561323761
64643935313238346662386265633332623561333036643663336661346562323930353137393232
61396437386336623730376563613761393635343239303362666166623762363561383238643061
64386236633437633265353839666230363361396262623463303038643939346532613632363865
63633336636435613865356333666530353464653130363664633537343566636539623134313030
35336237643932663337316436333366333738393937653538653866633561656638353164353763
65646564656566366133366465313035643063363862373663313632393133643938396366356233
36646538306662616362663830356166636538383032353338636365373462313462626130376236
37656131366463656532343735393532306633363934363737313931346462643530386135363165
36613536616638623136313337633136303932613330626335383137323330393236343462373736
33333931613966396539643035393166376535643562326630326363383230373730626365616165
37326337343333353933666465373262623537663565373736343330333035336362633263323139
61303633633730636433626532613432636130333733363239636161656631353632343735346236
65313635376233626332666661306335643639313462376430373333343635616130666537333963
31336162373639636664666633313033623631333365393966326530626133646537613934663066
30313232313031323761326238663334616433613031363364353665366463643830663865633164
62316437356163633364626466333561383035616634303165366237376463373764646334326135
38356233313564386430613531356632346666653930616532346331343839343961323066653830
34313662363936383532303137623661333562623933643231343332333064363262323731383362
37323335363431323938656137313938373836323966636239336134633166326561373739353237
64653630653830396637393266626436373264303731613564346364363631393531313933636564
39623964643831363062366465316463313638386663626536303039316566646334303430643937
62643562343931396332306163633534373536303932326163646230313663623638613331393439
37373632326266656137386162346665333462626330633236663665613639653562646330366638
39383739353264646462633132646234343230316634633138313166393464303462613138353530
37333631313539643835373162616566653734386461303530616433333839333137636561613865
64383461643465333530393338303033316530626138353336653266353563386534646535623336
63306139386132343562626432323036303464613330356234323831643138396632646332343539
39666330303739353866363863343933623261396262663439653039356238373237393935313334
35393864663238313961343363363930616535613363333730323439383034383064393633303338
65313539323532383637313961643765653535393039316630316134356466326439616235303564
39623633653138343235626330323662313166373035363831373362336531306436373662663963
64323239633032393332646564323464656462653932336162383537393637383162623431386639
37376633626132623064653064376462316136383433646336643831373834323436363666643763
34653962393630643031613534653364353133646536653666333736313866633264333730306466
61376639316161323962386466663037623365323232643264393564353639656330633732626262
61656561313537303763616537363562306136336631333234363138373137616164626130633837
34656538393235613161313537383136373635643130353238643139333239346132623239656363
65343637663165346363383365383063333263306339646566383534396264656136383433363731
65633732386534333539376437386363343439663365616265333866343236376665306639643137
37666138613333306464343539306433303932386464656637666465363964303265343861623264
32616662383035363963336332613264373339663632613036323564363332346131623930663037
33656130356532353637376366353063363132323164383236363962613465313236363334343530
61653933333338613937366433653038623537623766306535316265353364323235363031326532
61613736313130633832303264633137643032373662636661376131343662653638356131343162
32353266376361636135373664373864366466326663386466396137613339636134666665633865
61656566303931373261633335656162356362353962393166663533393966383533373235646233
38383866343061643764666439383061666663316139336165343938303263316536383464326138
33646666356137383461386139653439623864303131626465303061323466663238376232323166
3431643635323538333239376364303338376465363161643739
